2619	2314
2618	2602
2618	2603
2618	2604
2618	2605
2618	2606
2618	2607
2618	2608
2618	2609
2618	2610
2618	2611
2618	2612
2618	2613
2618	2614
2618	2615
2618	2616
2618	2617
2602	2314
2602	2315
2602	2316
2602	2317
2602	2318
2602	2319
2602	2320
2602	2321
2602	2322
2602	2323
2602	2324
2602	2325
2602	2326
2602	2327
2602	2328
2602	2329
2602	2330
2602	2331
2602	2332
2602	2333
2602	2334
2602	2335
2602	2336
2602	2337
2602	2338
2602	2339
2602	2340
2602	2341
2602	2342
2602	2343
2602	2344
2602	2345
2602	2346
2602	2347
2602	2348
2602	2349
2602	2350
2602	2351
2602	2352
2602	2353
2602	2354
2314	0
2314	17
2314	38
2314	42
2314	45
2314	52
2314	67
2314	96
2314	98
2314	107
2314	114
2314	117
2314	120
2314	122
2314	127
2314	149
2314	152
2314	157
2314	163
2314	166
2314	167
2314	170
2314	181
2314	194
2314	197
2314	204
2314	221
2314	228
2314	230
2314	242
2314	266
2314	277
2314	297
2314	307
2314	309
2314	328
2314	336
2314	337
2314	339
2314	340
2314	349
2314	371
2314	378
2314	394
2314	402
2314	420
2314	424
2314	428
2314	448
2314	451
2314	457
2314	474
2314	485
2314	488
2314	489
2314	507
2314	508
2314	552
2314	560
2314	573
2314	574
2314	582
2314	625
2314	628
2314	634
2314	646
2314	657
2314	664
2314	697
2314	700
2314	713
2314	717
2314	771
2314	795
2314	799
2314	806
2314	817
2314	838
2314	844
2314	856
2314	870
2314	891
2314	895
2314	905
2314	911
2314	925
2314	929
2314	940
2314	946
2314	957
2314	962
2314	964
2314	967
2314	979
2314	995
2314	1018
2314	1025
2314	1034
2314	1052
2314	1066
2314	1077
2314	1081
2314	1082
2314	1089
2314	1100
2314	1108
2314	1110
2314	1124
2314	1127
2314	1132
2314	1135
2314	1142
2314	1147
2314	1155
2314	1179
2314	1184
2314	1188
2314	1191
2314	1193
2314	1196
2314	1200
2314	1203
2314	1227
2314	1228
2314	1236
2314	1238
2314	1240
2314	1249
2314	1258
2314	1264
2314	1267
2314	1285
2314	1287
2314	1294
2314	1296
2314	1314
2314	1315
2314	1320
2314	1339
2314	1343
2314	1347
2314	1350
2314	1352
2314	1377
2314	1380
2314	1382
2314	1383
2314	1396
2314	1403
2314	1409
2314	1413
2314	1418
2314	1437
2314	1442
2314	1446
2314	1453
2314	1454
2314	1462
2314	1469
2314	1478
2314	1507
2314	1508
2314	1523
2314	1526
2314	1533
2314	1537
2314	1544
2314	1553
2314	1583
2314	1590
2314	1592
2314	1593
2314	1597
2314	1598
2314	1603
2314	1605
2314	1611
2314	1617
2314	1618
2314	1637
2314	1648
2314	1657
2314	1666
2314	1667
2314	1687
2314	1706
2314	1711
2314	1712
2314	1713
2314	1715
2314	1721
2314	1722
2314	1730
2314	1748
2314	1759
2314	1774
2314	1792
2314	1795
2314	1798
2314	1817
2314	1820
2314	1821
2314	1831
2314	1839
2314	1847
2314	1856
2314	1862
2314	1863
2314	1866
2314	1876
2314	1899
2314	1903
2314	1906
2314	1915
2314	1938
2314	1944
2314	1948
2314	1953
2314	1971
2314	1979
2314	1982
2314	2002
2314	2003
2314	2007
2314	2010
2314	2027
2314	2042
2314	2045
2314	2054
2314	2062
2314	2092
2314	2100
2314	2120
2314	2138
2314	2153
2314	2174
2314	2179
2314	2189
2314	2231
2314	2244
2314	2279
2314	2284
2314	2288
2314	2292
2314	2303
2315	6
2315	81
2315	217
2315	680
2315	1101
2315	2257
2315	2295
2316	29
2316	69
2316	143
2316	177
2316	271
2316	1028
2316	1047
2316	1392
2316	1653
2316	1973
2317	30
2317	436
2317	618
2317	740
2317	834
2317	1210
2317	1232
2317	2021
2317	2143
2318	35
2318	357
2318	400
2318	483
2318	495
2318	678
2318	745
2318	899
2318	987
2318	1033
2318	1214
2318	1256
2318	1366
2318	1375
2318	1609
2318	1697
2318	2219
2319	54
2319	989
2319	1183
2319	1499
2319	1696
2319	1723
2320	57
2320	261
2320	292
2320	626
2320	627
2320	696
2320	882
2320	914
2320	1241
2320	1415
2320	1552
2320	1594
2320	1652
2320	1695
2320	1737
2320	1827
2320	2029
2320	2065
2320	2103
2321	75
2321	1244
2321	1477
2322	144
2322	859
2322	1757
2323	150
2323	600
2323	650
2323	857
2323	1291
2323	1528
2323	1586
2323	1760
2324	178
2324	377
2324	1556
2324	1679
2324	1734
2324	1848
2324	2166
2325	184
2325	302
2325	1273
2325	1432
2325	1893
2325	2154
2325	2240
2326	218
2326	1279
2326	1614
2326	1692
2327	333
2327	398
2327	867
2327	1115
2327	1231
2327	1487
2327	1535
2327	1931
2328	367
2328	1084
2328	1158
2328	1208
2328	1554
2328	1623
2328	1726
2329	384
2329	757
2329	1935
2330	393
2330	1371
2330	1663
2330	1986
2330	2053
2331	486
2332	561
2333	583
2333	749
2333	783
2333	889
2333	1026
2333	1575
2333	1934
2333	1939
2334	595
2334	1758
2334	2078
2334	2218
2334	2298
2335	598
2336	612
2336	842
2336	999
2336	1801
2337	621
2338	622
2338	854
2338	1833
2339	653
2340	671
2340	2294
2341	790
2341	2005
2342	828
2342	933
2342	1321
2342	1387
2342	1473
2342	1802
2343	921
2343	1198
2343	1288
2343	1308
2343	2200
2344	973
2344	1740
2345	974
2346	1180
2346	1510
2346	2156
2346	2254
2347	1307
2348	1317
2349	1351
2350	1662
2350	2019
2350	2108
2351	1683
2351	2081
2352	1732
2352	2115
2353	1890
2354	2012
2603	2355
2603	2356
2603	2357
2603	2358
2603	2359
2603	2360
2603	2361
2603	2362
2603	2363
2603	2364
2603	2365
2603	2366
2603	2367
2603	2368
2603	2369
2603	2370
2603	2371
2603	2372
2603	2373
2603	2374
2603	2375
2603	2376
2603	2377
2603	2378
2603	2379
2603	2380
2603	2381
2603	2382
2603	2383
2603	2384
2603	2385
2603	2386
2603	2387
2603	2388
2603	2389
2603	2390
2603	2391
2603	2392
2355	1
2355	172
2355	755
2355	1029
2355	1229
2355	1761
2355	1772
2355	1824
2355	2077
2355	2228
2356	3
2356	18
2356	46
2356	48
2356	50
2356	65
2356	73
2356	78
2356	94
2356	141
2356	171
2356	175
2356	179
2356	187
2356	209
2356	243
2356	300
2356	301
2356	304
2356	313
2356	317
2356	365
2356	376
2356	382
2356	386
2356	389
2356	399
2356	403
2356	423
2356	429
2356	438
2356	439
2356	445
2356	449
2356	470
2356	476
2356	480
2356	496
2356	518
2356	547
2356	548
2356	553
2356	570
2356	588
2356	633
2356	642
2356	647
2356	655
2356	660
2356	677
2356	687
2356	714
2356	747
2356	762
2356	763
2356	764
2356	772
2356	778
2356	818
2356	836
2356	852
2356	881
2356	886
2356	906
2356	907
2356	920
2356	922
2356	948
2356	950
2356	997
2356	1005
2356	1006
2356	1019
2356	1035
2356	1054
2356	1067
2356	1076
2356	1083
2356	1085
2356	1092
2356	1097
2356	1143
2356	1144
2356	1152
2356	1160
2356	1182
2356	1197
2356	1243
2356	1271
2356	1275
2356	1283
2356	1290
2356	1297
2356	1302
2356	1346
2356	1356
2356	1365
2356	1376
2356	1379
2356	1381
2356	1407
2356	1431
2356	1433
2356	1436
2356	1441
2356	1449
2356	1451
2356	1459
2356	1461
2356	1468
2356	1476
2356	1494
2356	1500
2356	1509
2356	1515
2356	1545
2356	1561
2356	1562
2356	1568
2356	1572
2356	1573
2356	1587
2356	1599
2356	1636
2356	1641
2356	1643
2356	1651
2356	1660
2356	1698
2356	1733
2356	1735
2356	1744
2356	1745
2356	1756
2356	1768
2356	1783
2356	1794
2356	1814
2356	1830
2356	1881
2356	1896
2356	1951
2356	1954
2356	1955
2356	1972
2356	1975
2356	1980
2356	1988
2356	2084
2356	2102
2356	2116
2356	2129
2356	2150
2356	2155
2356	2157
2356	2167
2356	2176
2356	2198
2356	2214
2356	2232
2356	2235
2356	2248
2356	2260
2356	2264
2356	2286
2356	2304
2356	2308
2356	2312
2357	8
2357	32
2357	1337
2357	1362
2357	1532
2357	1719
2358	20
2358	33
2358	71
2358	103
2358	942
2358	1305
2358	1548
2358	1728
2358	1807
2358	2041
2359	21
2359	479
2359	1103
2360	40
2360	160
2360	2038
2361	43
2361	70
2361	86
2361	158
2361	211
2361	274
2361	282
2361	350
2361	383
2361	435
2361	808
2361	850
2361	996
2361	1123
2361	1173
2361	1298
2361	1875
2361	1895
2361	1914
2361	1970
2361	2056
2361	2221
2361	2249
2362	47
2362	60
2362	288
2362	320
2362	344
2362	632
2362	791
2362	837
2362	855
2362	947
2362	965
2362	970
2362	980
2362	981
2362	1020
2362	1145
2362	1434
2362	1489
2362	1629
2362	1634
2362	1677
2362	1791
2362	1811
2362	1819
2362	1996
2362	2097
2362	2169
2362	2205
2362	2269
2363	49
2363	281
2363	354
2363	1248
2363	1874
2363	1965
2363	2131
2364	58
2364	444
2364	576
2364	694
2364	893
2364	1353
2364	1522
2364	1649
2365	64
2365	1940
2365	2109
2366	74
2366	332
2366	1780
2366	1787
2366	1849
2366	2112
2367	85
2367	741
2367	1546
2368	119
2368	674
2368	726
2368	931
2368	1117
2368	1336
2368	1701
2369	126
2369	264
2369	599
2369	1367
2369	1796
2369	1900
2369	2036
2369	2071
2369	2266
2370	191
2371	192
2371	253
2371	1286
2371	1400
2371	1404
2372	244
2372	494
2372	843
2372	2146
2373	245
2373	392
2373	468
2373	1293
2373	1322
2373	1622
2374	316
2374	348
2374	397
2374	811
2374	832
2374	1251
2374	1311
2374	2305
2375	318
2376	338
2376	949
2376	1069
2376	1212
2376	1215
2376	1405
2377	342
2377	366
2377	418
2377	792
2377	821
2377	1492
2378	379
2378	884
2378	2209
2379	437
2379	504
2379	1859
2380	589
2381	629
2381	631
2381	709
2381	898
2381	1539
2381	2070
2381	2080
2381	2226
2382	637
2382	730
2382	953
2383	654
2383	1016
2383	1808
2384	816
2384	1065
2385	841
2385	894
2385	1304
2385	1394
2385	1601
2385	2057
2386	871
2386	876
2386	1150
2386	1151
2386	1204
2386	1654
2386	1797
2386	1959
2386	2121
2387	958
2388	1023
2388	1326
2388	1665
2389	1024
2390	1806
2391	1949
2391	2201
2392	2197
2604	2393
2604	2394
2604	2395
2604	2396
2604	2397
2604	2398
2604	2399
2604	2400
2604	2401
2604	2402
2604	2403
2604	2404
2604	2405
2604	2406
2604	2407
2604	2408
2604	2409
2604	2410
2604	2411
2604	2412
2604	2413
2604	2414
2604	2415
2604	2416
2604	2417
2604	2418
2604	2419
2604	2420
2604	2421
2604	2422
2604	2423
2604	2424
2604	2425
2604	2426
2604	2427
2604	2428
2604	2429
2604	2430
2604	2431
2604	2432
2604	2433
2604	2434
2393	2
2393	44
2393	215
2393	315
2393	322
2393	334
2393	514
2393	743
2393	1118
2393	1747
2393	1784
2393	1928
2393	2114
2393	2119
2393	2194
2394	7
2394	142
2394	800
2394	975
2394	1096
2394	1187
2394	1234
2394	1429
2394	1518
2394	1591
2394	1766
2394	1777
2394	1917
2394	1918
2394	2309
2395	12
2395	14
2395	27
2395	51
2395	56
2395	63
2395	79
2395	91
2395	106
2395	111
2395	121
2395	123
2395	130
2395	135
2395	147
2395	154
2395	195
2395	214
2395	222
2395	226
2395	233
2395	235
2395	249
2395	258
2395	259
2395	267
2395	269
2395	276
2395	280
2395	284
2395	289
2395	299
2395	323
2395	346
2395	380
2395	385
2395	390
2395	405
2395	406
2395	409
2395	413
2395	416
2395	421
2395	459
2395	467
2395	473
2395	487
2395	497
2395	499
2395	521
2395	525
2395	530
2395	531
2395	540
2395	577
2395	579
2395	584
2395	587
2395	591
2395	602
2395	639
2395	652
2395	695
2395	705
2395	715
2395	721
2395	724
2395	732
2395	760
2395	767
2395	782
2395	813
2395	814
2395	831
2395	839
2395	848
2395	861
2395	865
2395	868
2395	873
2395	878
2395	879
2395	888
2395	892
2395	919
2395	939
2395	954
2395	977
2395	992
2395	1038
2395	1044
2395	1050
2395	1055
2395	1058
2395	1079
2395	1087
2395	1099
2395	1128
2395	1133
2395	1137
2395	1162
2395	1165
2395	1168
2395	1171
2395	1192
2395	1209
2395	1216
2395	1219
2395	1235
2395	1239
2395	1266
2395	1274
2395	1300
2395	1306
2395	1309
2395	1312
2395	1341
2395	1344
2395	1369
2395	1398
2395	1419
2395	1440
2395	1472
2395	1480
2395	1524
2395	1529
2395	1534
2395	1559
2395	1565
2395	1576
2395	1582
2395	1596
2395	1608
2395	1621
2395	1626
2395	1638
2395	1640
2395	1664
2395	1670
2395	1672
2395	1676
2395	1705
2395	1709
2395	1716
2395	1724
2395	1727
2395	1739
2395	1746
2395	1799
2395	1826
2395	1836
2395	1837
2395	1858
2395	1880
2395	1883
2395	1889
2395	1922
2395	1929
2395	1963
2395	1968
2395	1992
2395	2044
2395	2047
2395	2064
2395	2072
2395	2089
2395	2101
2395	2125
2395	2127
2395	2134
2395	2186
2395	2224
2395	2241
2395	2255
2395	2281
2395	2282
2396	36
2396	95
2396	156
2396	161
2396	220
2396	263
2396	278
2396	395
2396	512
2396	557
2396	575
2396	738
2396	1112
2396	1172
2396	1284
2396	1503
2396	1506
2396	1620
2396	1840
2396	1854
2396	2118
2396	2130
2396	2175
2396	2243
2396	2246
2397	68
2397	656
2397	918
2397	1426
2397	1486
2397	1585
2397	1850
2397	1860
2398	76
2398	751
2398	1498
2398	2050
2399	84
2399	237
2400	87
2400	756
2400	804
2400	1395
2400	1738
2400	1786
2400	1871
2400	2024
2401	100
2401	776
2401	1043
2401	1057
2401	1063
2401	1125
2401	1148
2401	1164
2401	1167
2401	1815
2401	1865
2401	2126
2401	2163
2401	2222
2401	2250
2402	134
2402	250
2402	549
2402	1094
2402	1245
2402	2168
2403	136
2404	182
2404	425
2404	519
2404	754
2404	963
2404	1574
2404	1843
2404	2178
2405	251
2405	500
2405	785
2405	864
2405	1051
2405	1169
2405	1338
2405	2009
2405	2017
2405	2152
2406	330
2406	759
2406	1031
2406	1205
2406	1330
2406	1460
2406	1668
2406	2275
2406	2302
2407	361
2407	1277
2408	374
2408	586
2408	613
2408	1226
2408	1447
2408	1753
2408	1952
2408	1987
2409	414
2409	681
2409	1064
2409	1491
2410	417
2410	482
2410	610
2410	744
2410	952
2410	1036
2410	1707
2410	1793
2410	1867
2410	2177
2410	2259
2410	2261
2411	442
2411	735
2411	874
2411	1844
2412	463
2412	567
2412	748
2412	1385
2412	1682
2412	1729
2412	2187
2412	2238
2412	2265
2413	501
2413	544
2413	956
2413	972
2413	1424
2413	1962
2414	513
2414	746
2414	812
2414	1225
2414	1373
2414	1902
2415	528
2415	932
2415	1070
2415	1185
2415	1547
2415	1690
2415	1861
2415	2123
2415	2207
2415	2299
2416	550
2416	729
2416	810
2416	998
2416	1105
2417	558
2417	2106
2418	581
2418	765
2418	1250
2418	1718
2418	1909
2419	590
2419	712
2419	984
2419	1378
2419	1558
2420	611
2420	1156
2420	1966
2420	2161
2421	623
2421	665
2421	673
2421	708
2421	710
2421	872
2421	1995
2421	2098
2422	663
2422	2104
2423	827
2423	1119
2423	1958
2424	869
2425	875
2425	1650
2426	944
2427	1062
2427	1071
2428	1153
2428	2090
2428	2185
2429	1316
2429	1584
2430	1384
2431	1475
2431	2085
2431	2262
2432	1754
2433	1845
2433	1941
2434	2256
2605	2435
2605	2436
2605	2437
2605	2438
2605	2439
2605	2440
2605	2441
2605	2442
2605	2443
2605	2444
2605	2445
2605	2446
2605	2447
2605	2448
2605	2449
2605	2450
2605	2451
2605	2452
2605	2453
2605	2454
2605	2455
2605	2456
2605	2457
2605	2458
2605	2459
2605	2460
2605	2461
2605	2462
2605	2463
2605	2464
2605	2465
2605	2466
2605	2467
2605	2468
2605	2469
2605	2470
2605	2471
2605	2472
2605	2473
2605	2474
2605	2475
2605	2476
2605	2477
2435	4
2435	396
2435	515
2435	668
2435	840
2435	1246
2435	1659
2435	1993
2435	2008
2436	5
2436	24
2436	34
2436	39
2436	62
2436	89
2436	90
2436	138
2436	146
2436	153
2436	162
2436	186
2436	196
2436	208
2436	231
2436	262
2436	268
2436	298
2436	319
2436	321
2436	345
2436	358
2436	360
2436	363
2436	388
2436	422
2436	432
2436	447
2436	453
2436	517
2436	533
2436	534
2436	571
2436	580
2436	640
2436	641
2436	659
2436	662
2436	670
2436	672
2436	675
2436	676
2436	684
2436	685
2436	701
2436	702
2436	733
2436	737
2436	750
2436	753
2436	768
2436	793
2436	815
2436	819
2436	822
2436	835
2436	880
2436	896
2436	902
2436	903
2436	916
2436	934
2436	935
2436	945
2436	968
2436	969
2436	976
2436	1004
2436	1021
2436	1037
2436	1074
2436	1113
2436	1114
2436	1157
2436	1176
2436	1189
2436	1220
2436	1221
2436	1222
2436	1233
2436	1257
2436	1261
2436	1268
2436	1269
2436	1280
2436	1289
2436	1301
2436	1325
2436	1329
2436	1335
2436	1345
2436	1370
2436	1388
2436	1391
2436	1410
2436	1414
2436	1439
2436	1445
2436	1452
2436	1465
2436	1485
2436	1501
2436	1504
2436	1516
2436	1521
2436	1531
2436	1536
2436	1555
2436	1563
2436	1579
2436	1588
2436	1625
2436	1631
2436	1702
2436	1731
2436	1788
2436	1790
2436	1852
2436	1855
2436	1873
2436	1892
2436	1904
2436	1910
2436	1912
2436	1927
2436	1932
2436	2028
2436	2049
2436	2139
2436	2184
2436	2191
2436	2213
2436	2233
2436	2236
2436	2272
2436	2280
2436	2293
2437	13
2437	82
2437	219
2437	373
2437	426
2437	988
2437	1237
2437	1417
2437	1497
2437	1569
2437	2015
2438	15
2438	283
2438	341
2438	711
2438	858
2438	1078
2438	1106
2438	1259
2438	1810
2438	2204
2438	2216
2438	2237
2439	129
2439	607
2439	1319
2440	132
2440	225
2440	410
2440	551
2440	645
2440	846
2440	915
2440	936
2440	1011
2440	1129
2440	1540
2440	1800
2440	2082
2440	2095
2441	139
2441	308
2442	148
2442	173
2442	279
2442	1328
2442	1443
2442	1635
2443	155
2443	593
2443	1633
2443	1937
2444	159
2444	216
2444	239
2444	1177
2444	1402
2444	1483
2444	1627
2444	1785
2444	1947
2444	1985
2445	189
2446	210
2446	1003
2446	1678
2447	223
2448	255
2448	910
2449	270
2449	682
2449	1194
2450	305
2450	1190
2451	310
2451	734
2451	1502
2451	1513
2451	1945
2451	2107
2451	2278
2452	314
2452	431
2452	461
2452	1121
2452	1126
2452	1359
2453	335
2454	355
2454	603
2454	619
2454	723
2454	1039
2454	1879
2454	2183
2455	454
2456	462
2456	1725
2457	522
2457	1538
2458	636
2458	1327
2458	1416
2459	644
2459	773
2460	801
2460	1122
2460	1752
2461	805
2461	2068
2462	823
2462	2088
2463	826
2463	913
2463	986
2463	1773
2463	2032
2464	849
2464	926
2464	1159
2464	1202
2464	1355
2464	1496
2464	2277
2465	853
2465	1541
2466	908
2466	1984
2467	917
2467	930
2467	1281
2467	1340
2467	1778
2467	1905
2467	2013
2467	2160
2468	982
2468	1049
2469	1073
2469	1762
2469	1775
2469	2230
2470	1401
2471	1542
2472	1612
2473	1704
2474	1743
2475	1822
2476	2026
2476	2173
2477	2140
2606	2478
2606	2479
2606	2480
2606	2481
2606	2482
2606	2483
2606	2484
2606	2485
2606	2486
2606	2487
2606	2488
2606	2489
2606	2490
2606	2491
2606	2492
2606	2493
2606	2494
2606	2495
2606	2496
2606	2497
2606	2498
2606	2499
2606	2500
2606	2501
2606	2502
2606	2503
2606	2504
2606	2505
2606	2506
2606	2507
2606	2508
2606	2509
2606	2510
2606	2511
2606	2512
2606	2513
2606	2514
2606	2515
2606	2516
2606	2517
2606	2518
2606	2519
2606	2520
2606	2521
2606	2522
2478	9
2478	10
2478	11
2478	16
2478	19
2478	25
2478	28
2478	37
2478	41
2478	61
2478	66
2478	88
2478	101
2478	102
2478	105
2478	109
2478	110
2478	137
2478	176
2478	188
2478	199
2478	201
2478	203
2478	212
2478	238
2478	240
2478	241
2478	246
2478	254
2478	265
2478	272
2478	273
2478	286
2478	303
2478	306
2478	311
2478	325
2478	327
2478	343
2478	347
2478	351
2478	364
2478	369
2478	372
2478	387
2478	408
2478	415
2478	430
2478	450
2478	452
2478	458
2478	465
2478	478
2478	484
2478	492
2478	498
2478	506
2478	510
2478	520
2478	523
2478	532
2478	535
2478	555
2478	562
2478	565
2478	585
2478	596
2478	604
2478	624
2478	630
2478	643
2478	649
2478	658
2478	667
2478	679
2478	686
2478	688
2478	689
2478	692
2478	693
2478	698
2478	752
2478	775
2478	777
2478	781
2478	786
2478	788
2478	797
2478	798
2478	802
2478	807
2478	830
2478	833
2478	862
2478	863
2478	877
2478	901
2478	904
2478	937
2478	951
2478	960
2478	978
2478	983
2478	991
2478	993
2478	1015
2478	1022
2478	1027
2478	1042
2478	1046
2478	1053
2478	1056
2478	1059
2478	1068
2478	1075
2478	1104
2478	1109
2478	1111
2478	1130
2478	1170
2478	1181
2478	1195
2478	1199
2478	1201
2478	1206
2478	1223
2478	1252
2478	1253
2478	1254
2478	1255
2478	1270
2478	1272
2478	1299
2478	1310
2478	1313
2478	1331
2478	1333
2478	1334
2478	1342
2478	1348
2478	1358
2478	1372
2478	1389
2478	1399
2478	1428
2478	1430
2478	1435
2478	1444
2478	1467
2478	1471
2478	1484
2478	1493
2478	1549
2478	1551
2478	1560
2478	1566
2478	1567
2478	1571
2478	1577
2478	1580
2478	1589
2478	1595
2478	1604
2478	1607
2478	1615
2478	1619
2478	1646
2478	1647
2478	1656
2478	1671
2478	1675
2478	1686
2478	1691
2478	1694
2478	1703
2478	1710
2478	1720
2478	1736
2478	1755
2478	1764
2478	1769
2478	1781
2478	1803
2478	1805
2478	1813
2478	1825
2478	1841
2478	1842
2478	1851
2478	1853
2478	1864
2478	1869
2478	1870
2478	1884
2478	1897
2478	1908
2478	1911
2478	1923
2478	1933
2478	1950
2478	1957
2478	1967
2478	1978
2478	1981
2478	1994
2478	1999
2478	2006
2478	2014
2478	2020
2478	2022
2478	2025
2478	2030
2478	2031
2478	2046
2478	2052
2478	2060
2478	2061
2478	2063
2478	2066
2478	2075
2478	2079
2478	2105
2478	2117
2478	2124
2478	2159
2478	2188
2478	2192
2478	2210
2478	2215
2478	2229
2478	2242
2478	2245
2478	2247
2478	2273
2478	2276
2478	2296
2478	2297
2478	2311
2478	2313
2479	31
2480	55
2480	257
2480	1178
2480	2094
2481	80
2481	481
2481	690
2481	1009
2481	1080
2481	1217
2481	1916
2481	2274
2482	112
2482	331
2482	883
2482	1425
2482	1989
2482	2074
2482	2252
2483	115
2483	145
2483	227
2483	1282
2483	1514
2484	116
2484	419
2484	606
2484	803
2484	1013
2484	1091
2484	1438
2484	1448
2484	1717
2484	1779
2484	1907
2484	1921
2484	1976
2484	2004
2484	2148
2484	2310
2485	118
2485	722
2485	1673
2485	1818
2486	124
2486	728
2486	1600
2486	1624
2486	1913
2487	140
2487	824
2487	959
2487	1263
2487	1470
2487	1835
2487	2145
2488	165
2488	900
2488	2253
2489	174
2489	190
2489	326
2489	433
2489	569
2489	578
2489	620
2489	648
2489	758
2489	829
2489	1134
2489	1411
2489	1680
2489	2234
2489	2306
2490	200
2490	401
2490	511
2490	1001
2491	213
2491	725
2491	1095
2491	2285
2492	232
2492	455
2492	592
2492	1349
2492	1700
2492	1891
2493	234
2493	362
2493	502
2493	909
2493	1008
2493	2076
2493	2137
2494	312
2494	509
2494	1213
2494	1332
2494	1458
2494	1829
2494	1846
2495	329
2495	446
2495	691
2495	1770
2496	353
2496	1030
2496	1363
2497	356
2497	661
2497	924
2497	1960
2498	359
2498	1782
2499	370
2499	516
2499	704
2499	1093
2499	1102
2499	1490
2499	1613
2499	1639
2499	2035
2499	2307
2500	375
2500	616
2500	851
2500	1211
2500	1386
2500	2141
2501	381
2501	434
2501	890
2501	1045
2501	1564
2501	2193
2501	2196
2502	404
2502	2165
2503	407
2503	564
2503	703
2503	1141
2503	1357
2503	1397
2503	1421
2503	1450
2503	1481
2503	1581
2503	1616
2503	1920
2503	2144
2503	2199
2504	441
2504	1010
2504	1072
2504	1242
2504	1260
2505	460
2505	538
2505	787
2505	1964
2505	2083
2506	472
2506	736
2506	928
2506	1131
2506	1140
2506	1175
2506	1360
2506	1887
2506	1901
2507	491
2507	683
2508	505
2509	546
2509	1186
2509	1685
2510	554
2510	559
2510	923
2510	1276
2511	718
2511	1161
2511	1823
2512	794
2513	860
2514	1086
2514	1834
2515	1247
2515	2059
2516	1324
2516	1406
2517	1374
2517	1919
2518	1393
2518	1488
2519	1543
2520	2000
2521	2133
2522	2211
2607	2523
2607	2524
2607	2525
2607	2526
2607	2527
2607	2528
2607	2529
2607	2530
2607	2531
2607	2532
2607	2533
2607	2534
2607	2535
2607	2536
2607	2537
2607	2538
2607	2539
2607	2540
2607	2541
2607	2542
2607	2543
2607	2544
2607	2545
2607	2546
2607	2547
2607	2548
2607	2549
2523	22
2523	23
2523	26
2523	53
2523	93
2523	97
2523	99
2523	113
2523	125
2523	169
2523	180
2523	198
2523	206
2523	224
2523	229
2523	252
2523	260
2523	275
2523	285
2523	291
2523	295
2523	352
2523	368
2523	411
2523	440
2523	443
2523	464
2523	471
2523	477
2523	490
2523	526
2523	529
2523	536
2523	542
2523	545
2523	608
2523	614
2523	699
2523	706
2523	707
2523	727
2523	739
2523	766
2523	770
2523	779
2523	780
2523	789
2523	796
2523	887
2523	897
2523	938
2523	941
2523	943
2523	955
2523	966
2523	971
2523	994
2523	1000
2523	1002
2523	1007
2523	1012
2523	1014
2523	1032
2523	1061
2523	1138
2523	1146
2523	1174
2523	1218
2523	1262
2523	1292
2523	1295
2523	1303
2523	1318
2523	1408
2523	1420
2523	1422
2523	1427
2523	1455
2523	1456
2523	1457
2523	1474
2523	1482
2523	1495
2523	1505
2523	1512
2523	1517
2523	1519
2523	1527
2523	1570
2523	1606
2523	1628
2523	1632
2523	1642
2523	1658
2523	1674
2523	1681
2523	1693
2523	1742
2523	1750
2523	1763
2523	1765
2523	1812
2523	1872
2523	1878
2523	1885
2523	1888
2523	1894
2523	1924
2523	1925
2523	1930
2523	1936
2523	1942
2523	1943
2523	1956
2523	1961
2523	1974
2523	1977
2523	1983
2523	1990
2523	1997
2523	1998
2523	2001
2523	2011
2523	2023
2523	2040
2523	2051
2523	2067
2523	2069
2523	2073
2523	2086
2523	2087
2523	2091
2523	2111
2523	2113
2523	2135
2523	2142
2523	2164
2523	2170
2523	2172
2523	2182
2523	2195
2523	2203
2523	2206
2523	2208
2523	2212
2523	2217
2523	2225
2523	2227
2523	2239
2523	2251
2523	2270
2523	2283
2523	2287
2523	2301
2524	59
2525	104
2526	128
2527	164
2527	605
2528	185
2528	1090
2528	1412
2529	247
2529	1364
2530	324
2530	638
2530	1946
2530	2149
2530	2162
2531	493
2532	537
2533	541
2533	1714
2534	615
2535	742
2536	761
2537	825
2537	2147
2538	866
2538	1136
2538	1661
2538	2037
2539	885
2540	1139
2541	1207
2541	1684
2542	1464
2543	1520
2544	1771
2544	2039
2545	1804
2545	1898
2546	1809
2547	1816
2548	1868
2549	2122
2608	2550
2608	2551
2608	2552
2608	2553
2608	2554
2608	2555
2608	2556
2608	2557
2608	2558
2608	2559
2608	2560
2608	2561
2608	2562
2608	2563
2608	2564
2608	2565
2608	2566
2608	2567
2608	2568
2608	2569
2608	2570
2608	2571
2608	2572
2608	2573
2608	2574
2608	2575
2550	72
2550	609
2550	1886
2551	77
2551	2202
2551	2268
2552	92
2553	108
2554	133
2554	151
2554	183
2554	193
2554	207
2554	290
2554	293
2554	294
2554	296
2554	391
2554	427
2554	456
2554	475
2554	527
2554	563
2554	594
2554	617
2554	651
2554	666
2554	669
2554	719
2554	774
2554	784
2554	927
2554	990
2554	1040
2554	1098
2554	1107
2554	1149
2554	1163
2554	1278
2554	1323
2554	1354
2554	1557
2554	1630
2554	1669
2554	1708
2554	1832
2554	1969
2554	1991
2554	2016
2554	2034
2554	2043
2554	2058
2554	2110
2554	2128
2554	2136
2554	2151
2554	2158
2554	2171
2554	2181
2554	2223
2554	2258
2554	2263
2554	2267
2554	2271
2554	2289
2555	168
2555	2048
2556	256
2557	412
2557	539
2557	635
2557	1511
2557	1602
2558	466
2558	469
2558	524
2558	572
2558	1926
2559	503
2560	543
2560	1166
2560	1463
2561	556
2562	568
2562	1466
2562	1749
2563	601
2564	809
2564	1048
2565	845
2565	2300
2566	961
2566	1882
2567	1154
2568	1550
2569	1578
2569	1688
2569	2099
2569	2180
2570	1610
2570	1741
2570	1789
2570	1828
2571	1644
2571	1689
2572	1751
2572	2190
2573	1776
2574	1877
2575	2220
2575	2290
2609	2576
2576	83
2610	2577
2610	2578
2610	2579
2610	2580
2610	2581
2577	131
2578	1041
2579	1088
2580	1230
2580	1368
2580	1390
2580	1655
2580	1699
2580	1767
2580	1857
2581	2096
2611	2582
2611	2583
2611	2584
2611	2585
2611	2586
2611	2587
2611	2588
2611	2589
2611	2590
2582	202
2582	205
2582	248
2582	912
2582	985
2582	1265
2582	1361
2582	1479
2582	2018
2582	2055
2582	2291
2583	236
2583	716
2583	2093
2584	566
2585	597
2586	731
2587	1530
2588	1645
2589	1838
2590	2033
2612	2591
2591	287
2591	1423
2613	2592
2613	2593
2613	2594
2592	720
2593	847
2594	2132
2614	2595
2595	769
2615	2596
2615	2597
2615	2598
2615	2599
2596	820
2597	1116
2598	1120
2598	1224
2599	1525
2616	2600
2600	1017
2617	2601
2601	1060
